%YAML:1.0
R: !!opencv-matrix
   rows: 3
   cols: 3
   dt: d
   data: [ 9.9912046853419212e-001, 3.5031102852886285e-003,
       4.1785375125101887e-002, -3.5730083998536063e-003,
       9.9999233961666500e-001, 1.5982236899254774e-003,
       -4.1779456279264257e-002, -1.7461174982138117e-003,
       9.9912533153088035e-001 ]
T: !!opencv-matrix
   rows: 3
   cols: 1
   dt: d
   data: [ -5.6367809627208466e+001, 1.3708428722267829e+000,
       1.1574985625164118e+001 ]
R1: !!opencv-matrix
   rows: 3
   cols: 3
   dt: d
   data: [ 9.8690791422393853e-001, -2.0033915758765234e-002,
       -1.6003565559438915e-001, 2.0178789836387743e-002,
       9.9979612824595487e-001, -7.1998967854076837e-004,
       1.6001745305714038e-001, -2.5187623486562661e-003,
       9.8711097175208062e-001 ]
R2: !!opencv-matrix
   rows: 3
   cols: 3
   dt: d
   data: [ 9.7928256674077252e-001, -2.3815765334698185e-002,
       -2.0109317193561552e-001, 2.3633353017030418e-002,
       9.9971521973421074e-001, -3.3081803081850300e-003,
       2.0111469141456784e-001, -1.5128626182280701e-003,
       9.7956653278065875e-001 ]
P1: !!opencv-matrix
   rows: 3
   cols: 4
   dt: d
   data: [ 1.0058803987802903e+003, 0., 7.2153096453802368e+002, 0., 0.,
       1.0058803987802903e+003, 3.7786773384078617e+002, 0., 0., 0., 1.,
       0. ]
P2: !!opencv-matrix
   rows: 3
   cols: 4
   dt: d
   data: [ 1.0058803987802903e+003, 0., 7.2153096453802368e+002,
       -5.7898789125689495e+004, 0., 1.0058803987802903e+003,
       3.7786773384078617e+002, 0., 0., 0., 1., 0. ]
Q: !!opencv-matrix
   rows: 4
   cols: 4
   dt: d
   data: [ 1., 0., 0., -7.2153096453802368e+002, 0., 1., 0.,
       -3.7786773384078617e+002, 0., 0., 0., 1.0058803987802903e+003, 0.,
       0., 1.7373081785815526e-002, 0. ]
