%YAML:1.0
image_width: 1080
image_height: 1080
M1: !!opencv-matrix
   rows: 3
   cols: 3
   dt: d
   data: [ 1.0889313938256992e+003, 0., 5.2707265845506299e+002, 0.,
       1.0969492800576913e+003, 3.9209007102640277e+002, 0., 0., 1. ]
D1: !!opencv-matrix
   rows: 4
   cols: 1
   dt: d
   data: [ -2.9414441777743015e-002, -2.6702760587482232e-002,
       1.9648207140539600e-001, -1.1905251067761154e-001 ]
M2: !!opencv-matrix
   rows: 3
   cols: 3
   dt: d
   data: [ 1.1040811971515184e+003, 0., 4.9289480563384700e+002, 0.,
       1.1107416785493310e+003, 3.9695469568421527e+002, 0., 0., 1. ]
D2: !!opencv-matrix
   rows: 4
   cols: 1
   dt: d
   data: [ -4.6713408512604915e-002, 1.1898473188953670e-001,
       -3.0868664679643842e-001, 6.7466497677200832e-001 ]
